247,2
247,3
216,7
240,36
221,124
221,93
221,92
221,91
221,90
221,89
221,88
221,87
221,86
221,85
221,84
221,83
221,82
221,81
221,80
221,79
221,78
221,77
221,76
221,75
221,74
221,73
221,72
221,71
221,70
221,69
221,68
221,67
221,66
221,65
221,64
215,5
229,5
0,461
0,456
0,443
0,441
0,440
0,436
0,431
0,426
0,419
0,412
218,3
0,402
0,401
0,391
0,399
0,395
0,397
0,566
0,396
0,393
0,389
0,542
0,573
0,390
0,387
0,386
14,4
246,4
246,2
246,3
0,427
0,424
221,125
223,39
222,155
222,154
223,40
222,152
222,151
222,150
222,149
222,147
222,146
222,145
222,144
222,148
0,394
0,384
0,312
0,392
0,447
0,319
223,37
222,143
222,142
222,141
222,140
222,139
222,138
222,137
222,136
223,36
222,5
0,318
215,4
0,315
0,308
0,545
222,123
222,122
0,304
0,302
0,575
242,2
241,6
242,4
242,3
241,10
241,3
241,9
241,5
0,572
0,464
0,470
0,574
0,569
222,1
222,153
222,2
222,0
223,2
223,0
0,568
0,567
224,3
224,4
221,123
221,128
221,96
221,95
221,94
240,35
222,134
222,133
222,132
222,131
222,130
222,129
222,119
222,118
222,117
222,116
222,115
222,114
222,113
222,112
222,111
222,110
222,109
222,108
222,107
222,106
222,105
222,104
222,103
222,102
222,101
222,99
222,98
222,97
222,96
222,95
222,94
222,93
222,92
222,91
222,90
222,89
222,88
222,87
222,86
222,85
222,84
222,83
222,82
222,81
222,80
222,79
222,78
222,77
222,76
222,75
222,74
222,73
222,72
222,71
222,70
222,69
222,68
222,67
222,66
222,65
222,64
222,37
222,36
222,35
222,34
222,33
222,32
222,31
222,30
222,29
222,28
222,27
222,26
222,25
222,24
222,23
222,22
222,21
222,20
222,19
222,18
222,17
222,16
222,15
222,14
222,13
222,12
222,11
223,13
223,28
223,29
223,30
221,0
222,7
222,10
226,2
225,2
222,8
222,9
222,6
222,3
222,4
0,453
0,430
0,243
0,484
0,482
0,478
0,512
0,526
0,476
0,475
0,510
0,303
0,285
0,508
0,507
0,504
189,4
0,530
0,502
0,501
0,524
0,519
0,522
0,529
0,520
0,495
0,494
0,492
0,491
0,489
0,488
0,487
0,533
0,517
0,516
0,527
